92 4.5 5 10.5 4.5 9 9.5 8 55 6 13.5 2.5 24.5 32.5 6.5 5.5 8.5 24 20 9.5 25.5 9 13 9.5 8 3 2 7 4 5.5 8 6.5 5.5 4.5 2.5 6
4.5 84 37.5 46.5 9 39.5 17.5 33 6 14 29 54.5 9 7 9.5 22 22.5 15 21 6 23.5 25.5 14.5 74 26.5 44 8.5 15.5 11 29.5 38.5 77 38 20 9 3.5
5 37.5 87 17 9 31 20 15 9 28.5 31 39 9.5 8 14.5 42 36 20 9.5 3.5 9 17.5 22 38.5 72 41.5 11.5 18.5 26 16.5 12.5 30 25 32 20.5 11.5
10.5 46.5 17 88 6.5 21 39 30.5 11 11 77 50.5 11 18.5 7.5 19.5 10 34 29.5 5.5 24.5 18 24.5 29.5 15 25.5 3 7 5.5 11.5 11.5 18 11 8 4 4
4.5 9 9 6.5 97 2 2.5 6.5 13.5 1.5 3 8 5.5 6 5 3 4.5 7.5 9 56.5 3.5 6 5.5 4 5 3.5 3.5 3.5 4.5 5.5 3.5 3 4.5 2.5 2 4
9 39.5 31 21 2 90 12 30.5 6.5 28.5 16.5 37 12 9 9.5 39 13.5 34.5 20 2.5 26.5 28 30.5 23.5 26.5 17.5 6.5 18 39.5 25 35.5 23.5 23 10 5.5 6
9.5 17.5 20 39 2.5 12 90 7 5.5 20 29 14 21.5 11.5 69 37 16.5 23.5 5 4.5 13 10 28.5 16 22.5 28 14 13.5 5.5 12 4 7 11.5 19 17 12.5
8 33 15 30.5 6.5 30.5 7 87 11 7.5 10 27.5 6.5 12 7.5 13 6.5 16 48 5 35 49 12 19.5 11.5 10.5 3.5 6 13.5 29.5 68.5 24.5 10.5 5 4 3.5
55 6 9 11 13.5 6.5 5.5 11 93 3.5 5 12.5 10.5 21.5 4.5 3 3.5 13 25.5 15 15.5 5 6 1.5 3 7 2 15 5 8 6.5 5 5.5 2 3 5
6 14 28.5 11 1.5 28.5 20 7.5 3.5 85 24.5 30.5 9.5 3 30 70.5 37 11.5 2.5 6.5 8 10 17 28.5 31 25.5 48 46 28 18 10.5 11 26 31 28 26.5
13.5 29 31 77 3 16.5 29 10 5 24.5 91 30 16.5 14 28.5 14 27 21.5 7.5 8 33.5 21.5 31 56.5 14 19.5 5 9 11.5 10.5 6 14.5 13.5 11.5 5.5 7
2.5 54.5 39 50.5 8 37 14 27.5 12.5 30.5 30 86 7 5 9.5 41.5 31 30.5 11 6 24 31 19 36.5 19.5 55 13 13.5 15 17 33.5 28 34 15 7 3
24.5 9 9.5 11 5.5 12 21.5 6.5 10.5 9.5 16.5 7 96 60.5 7.5 7.5 11 17 6 7.5 12 4 18 9.5 11.5 9.5 7 4.5 5.5 4.5 3.5 6.5 9 5 13 3
32.5 7 8 18.5 6 9 11.5 12 21.5 3 14 5 60.5 93 6.5 7.5 5.5 20 14.5 7.5 14.5 2.5 9 6 6 6.5 6 2.5 2.5 3.5 2 4 4 4 10.5 2.5
6.5 9.5 14.5 7.5 5 9.5 69 7.5 4.5 30 28.5 9.5 7.5 6.5 86 29 28.5 11 4.5 5 8.5 11.5 25.5 29.5 20.5 21 16.5 17 6 4.5 5 12.5 10.5 12.5 15 18.5
5.5 22 42 19.5 3 39 37 13 3 70.5 14 41.5 7.5 7.5 29 83 47 26 7.5 7.5 16 18 19.5 25.5 35.5 44.5 32 40.5 30.5 14 14 16.5 30 17.5 28 17
8.5 22.5 36 10 4.5 13.5 16.5 6.5 3.5 37 27 31 11 5.5 28.5 47 91 9.5 2.5 3.5 9 12 18.5 49 51 67.5 31 30 18 20.5 8 28.5 39.5 51.5 34.5 26.5
24 15 20 34 7.5 34.5 23.5 16 13 11.5 21.5 30.5 17 20 11 26 9.5 87 17 3 31.5 20 61.5 12 8.5 13.5 8 8 11 7.5 8 11.5 9.5 5.5 3 2
20 21 9.5 29.5 9 20 5 48 25.5 2.5 7.5 11 6 14.5 4.5 7.5 2.5 17 96 8 53.5 17.5 12 11 6.5 5.5 6 3.5 4.5 12 27.5 11.5 5.5 5.5 5.5 2.5
9.5 6 3.5 5.5 56.5 2.5 4.5 5 15 6.5 8 6 7.5 7.5 5 7.5 3.5 3 8 96 7 5.5 4 2.5 3 4.5 3.5 4 4.5 3 2.5 5.5 4.5 5 10.5 5
25.5 23.5 9 24.5 3.5 26.5 13 35 15.5 8 33.5 24 12 14.5 8.5 16 9 31.5 53.5 7 93 44.5 26.5 14.5 7.5 10 4.5 6 10 25.5 12 10.5 6 6.5 5 4
9 25.5 17.5 18 6 28 10 49 5 10 21.5 31 4 2.5 11.5 18 12 20 17.5 5.5 44.5 92 18.5 37 24 10.5 11 12 22 67 44.5 33 19 8.5 2 4
13 14.5 22 24.5 5.5 30.5 28.5 12 6 17 31 19 18 9 25.5 19.5 18.5 61.5 12 4 26.5 18.5 86 21.5 23 17 12 16.5 12.5 12 6 9 10 5.5 5.5 4.5
9.5 74 38.5 29.5 4 23.5 16 19.5 1.5 28.5 56.5 36.5 9.5 6 29.5 25.5 49 12 11 2.5 14.5 37 21.5 91 46 31 14.5 18.5 23 32 30.5 57.5 29.5 20 14 9
8 26.5 72 15 5 26.5 22.5 11.5 3 31 14 19.5 11.5 6 20.5 35.5 51 8.5 6.5 3 7.5 24 23 46 86 32.5 22.5 37 32.5 19.5 10.5 32 26 34 22 15.5
3 44 41.5 25.5 3.5 17.5 28 10.5 7 25.5 19.5 55 9.5 6.5 21 44.5 67.5 13.5 5.5 4.5 10 10.5 17 31 32.5 87 19 17 19.5 6 10 32 58 48.5 19.5 17.5
2 8.5 11.5 3 3.5 6.5 14 3.5 2 48 5 13 7 6 16.5 32 31 8 6 3.5 4.5 11 12 14.5 22.5 19 84 62.5 15.5 6.5 12 11.5 20.5 37 57 52.5
7 15.5 18.5 7 3.5 18 13.5 6 15 46 9 13.5 4.5 2.5 17 40.5 30 8 3.5 4 6 12 16.5 18.5 37 17 62.5 89 59 23 7.5 14 24.5 25 27.5 18.5
4 11 26 5.5 4.5 39.5 5.5 13.5 5 28 11.5 15 5.5 2.5 6 30.5 18 11 4.5 4.5 10 22 12.5 23 32.5 19.5 15.5 59 86 37.5 26.5 33.5 17 16.5 8.5 9.5
5.5 29.5 16.5 11.5 5.5 25 12 29.5 8 18 10.5 17 4.5 3.5 4.5 14 20.5 7.5 12 3 25.5 67 12 32 19.5 6 6.5 23 37.5 89 55.5 34 23.5 13 7.5 7
8 38.5 12.5 11.5 3.5 35.5 4 68.5 6.5 10.5 6 33.5 3.5 2 5 14 8 8 27.5 2.5 12 44.5 6 30.5 10.5 10 12 7.5 26.5 55.5 90 29.5 18 9.5 5 5
6.5 77 30 18 3 23.5 7 24.5 5 11 14.5 28 6.5 4 12.5 16.5 28.5 11.5 11.5 5.5 10.5 33 9 57.5 32 32 11.5 14 33.5 34 29.5 88 65 22 8 18
5.5 38 25 11 4.5 23 11.5 10.5 5.5 26 13.5 34 9 4 10.5 30 39.5 9.5 5.5 4.5 6 19 10 29.5 26 58 20.5 24.5 17 23.5 18 65 85 65 31 15
4.5 20 32 8 2.5 10 19 5 2 31 11.5 15 5 4 12.5 17.5 51.5 5.5 5.5 5 6.5 8.5 5.5 20 34 48.5 37 25 16.5 13 9.5 22 65 89 58.5 39
2.5 9 20.5 4 2 5.5 17 4 3 28 5.5 7 13 10.5 15 28 34.5 3 5.5 10.5 5 2 5.5 14 22 19.5 57 27.5 8.5 7.5 5 8 31 58.5 91 79.5
6 3.5 11.5 4 4 6 12.5 3.5 5 26.5 7 3 3 2.5 18.5 17 26.5 2 2.5 5 4 4 4.5 9 15.5 17.5 52.5 18.5 9.5 7 5 18 15 39 79.5 94
